782 750 702 796 808 911 659 885 589 686 685 787 653 685 724 1066 740 745 811 637 713 735 793 757 759 780 775 647 658 623 822 531 745 954 702 751 740 558 709 707 
763 731 675 863 696 755 619 874 587 765 765 755 608 761 686 1011 728 728 823 587 684 632 768 731 832 704 722 651 665 642 837 613 703 996 802 782 747 678 722 586 
904 730 840 954 826 970 782 963 637 864 893 966 852 732 835 1213 896 825 1002 760 819 864 780 911 942 853 940 760 769 756 833 709 937 1158 785 892 961 648 834 792 
937 874 850 971 869 1035 796 1131 690 863 925 928 892 910 845 1193 945 824 1103 719 933 915 864 861 1064 947 880 823 740 795 911 659 1040 1154 880 962 960 748 904 729 
951 901 892 1066 948 1045 893 928 752 912 967 1027 858 878 989 1224 974 891 1063 720 923 956 909 872 890 918 970 796 842 855 989 821 978 1205 888 1022 952 713 942 903 
665 575 637 700 672 792 751 691 584 617 624 722 638 642 615 842 653 700 735 586 735 773 750 744 741 629 788 570 571 706 733 596 792 843 625 776 805 525 652 666 
1004 942 864 978 827 1048 798 1090 654 867 868 908 778 859 892 1212 844 757 1006 668 858 893 898 799 915 806 892 783 815 774 1020 713 903 1183 806 912 954 747 831 788 
898 871 833 1000 868 998 810 1030 791 760 878 915 955 849 861 1111 908 802 1077 739 931 872 864 897 935 967 945 824 761 781 889 643 921 1160 863 995 843 639 848 808 
776 628 558 793 573 744 684 707 518 663 659 742 424 598 695 831 671 707 694 551 622 667 655 564 637 664 718 583 726 621 790 657 612 839 591 690 644 564 729 524 
901 807 805 921 876 986 835 1009 739 892 910 844 823 870 788 1114 853 844 976 769 943 822 902 964 982 801 927 802 635 764 835 674 945 1149 799 987 882 640 812 728 
797 715 666 857 762 944 773 836 635 672 728 737 692 713 722 985 730 761 840 622 779 749 770 763 781 787 822 632 713 721 801 626 806 964 739 847 779 554 705 599 
996 829 735 870 777 978 903 966 582 814 862 880 693 744 812 1144 828 765 953 643 860 802 829 828 907 829 890 795 754 778 858 678 847 1027 800 889 793 601 807 710 
851 816 778 900 835 969 864 991 666 881 899 921 797 746 808 1175 828 846 907 665 839 928 857 795 901 838 833 797 769 660 893 682 955 1115 847 886 970 637 852 801 
800 771 770 833 692 808 763 833 580 800 851 845 736 670 734 1050 788 741 881 567 872 727 731 716 848 726 740 666 695 693 751 649 792 1055 839 892 773 577 772 645 
878 831 859 916 855 804 723 1053 703 790 792 907 752 933 932 996 855 824 991 688 849 819 905 796 978 859 871 712 689 836 919 733 846 1080 753 940 826 720 760 845 
750 786 780 811 825 858 869 899 687 747 731 821 748 769 762 1000 875 783 849 655 825 833 840 771 892 739 760 604 654 723 856 626 873 1040 776 992 803 647 700 710 
936 894 794 863 882 1031 758 947 644 912 867 847 722 860 832 1167 820 760 891 641 797 854 943 863 895 877 818 800 694 689 851 641 851 1064 812 900 875 599 794 824 
864 734 767 923 805 886 770 1011 669 808 763 930 745 815 820 1081 877 807 977 739 831 661 870 853 887 751 877 691 708 801 796 736 943 1091 734 960 778 625 874 775 
739 644 624 808 779 837 733 765 696 706 854 798 652 668 724 924 771 751 824 654 753 921 728 761 805 755 822 630 704 785 849 640 861 966 721 823 824 604 781 694 
800 775 739 844 800 899 757 950 640 822 857 805 758 714 795 1041 829 722 912 689 796 937 873 819 924 730 767 756 684 750 902 582 964 1110 751 874 885 637 688 760 
912 910 773 1034 997 1034 885 1150 758 830 926 875 885 834 1007 1150 843 852 1148 771 937 936 1008 905 963 993 950 778 789 798 945 663 1000 1184 941 991 939 670 795 813 
681 777 678 827 659 796 644 778 607 656 719 783 740 662 675 983 833 653 868 528 661 711 756 692 784 713 683 644 644 647 794 538 820 917 790 827 718 559 722 700 
811 797 670 821 741 836 666 842 636 678 749 790 664 631 732 1029 803 710 838 534 808 808 755 655 760 746 697 648 650 641 834 629 764 951 713 808 712 535 777 753 
903 767 674 898 827 884 911 809 630 842 891 905 688 717 840 1110 768 815 908 645 831 823 815 834 858 809 902 667 767 768 899 726 935 1041 830 926 818 643 745 736 
872 790 776 932 817 1035 798 989 722 785 948 820 718 638 833 1121 907 701 903 633 746 817 797 693 916 810 736 723 904 650 871 676 863 1104 830 890 916 587 797 771 
591 703 784 815 725 798 673 865 657 675 730 819 719 545 664 1034 899 684 880 595 677 801 747 652 800 731 666 671 767 648 902 569 881 1097 694 833 839 589 761 677 
754 652 793 918 799 861 724 926 694 825 805 752 743 762 826 1048 755 839 894 668 768 769 820 831 914 841 821 696 766 682 947 643 874 1054 686 901 921 550 744 759 
1003 873 788 1064 773 965 832 1049 716 825 860 875 750 874 903 1208 859 821 1027 750 961 895 847 864 969 848 996 743 782 873 961 746 935 1135 892 998 931 787 858 784 
776 652 612 834 703 819 694 893 678 760 767 876 752 726 769 1006 768 720 873 700 766 803 777 735 779 817 775 691 628 766 800 676 841 913 682 842 776 543 893 671 
734 787 784 887 717 890 817 949 763 714 816 824 666 685 806 1005 782 708 769 614 764 795 788 706 807 742 748 670 736 594 884 641 801 1004 702 875 825 644 759 730 
994 910 866 1079 921 972 865 1115 788 908 910 952 905 859 967 1230 1002 923 1107 786 974 881 978 884 1024 838 938 768 688 828 1035 809 953 1206 848 1052 891 690 849 831 
900 811 910 907 847 945 785 971 728 846 899 946 888 789 902 1191 958 772 1076 723 833 757 945 895 1045 813 894 694 772 810 960 724 893 1074 805 1009 847 604 843 868 
922 882 906 1008 931 1014 891 1130 810 837 955 1060 923 815 987 1258 997 920 1094 749 990 887 1017 857 1025 929 926 778 814 761 992 845 1020 1151 869 1055 952 659 1024 917 
791 786 680 809 537 839 737 802 631 646 752 845 651 687 679 952 740 596 788 589 699 709 755 628 830 728 762 624 755 650 762 629 648 831 828 797 739 711 808 645 
816 767 769 956 792 1004 882 944 752 739 857 791 703 763 712 1087 768 767 791 662 830 828 777 851 843 859 858 764 810 704 900 643 850 1000 801 956 894 645 821 817 
662 718 681 792 723 840 701 800 621 603 805 743 683 561 718 961 781 591 786 524 605 803 654 668 730 649 672 571 718 606 864 525 849 850 675 770 727 563 637 696 
835 746 718 905 843 827 713 864 616 783 880 896 760 703 917 1094 803 881 981 669 806 777 861 788 790 780 881 682 644 671 860 754 855 1014 749 823 805 548 818 729 
924 775 824 946 731 958 805 931 684 849 818 960 838 753 855 1123 857 830 1009 714 820 905 856 871 917 818 936 744 782 815 934 704 912 1159 752 900 941 642 801 803 
783 810 794 878 787 923 738 918 636 762 741 742 750 661 772 1054 885 707 911 666 723 788 818 774 865 708 753 669 765 610 807 562 928 1088 782 916 794 570 708 745 
879 717 826 960 835 1088 921 920 720 732 868 836 840 804 857 1144 839 830 890 738 904 988 875 904 974 886 902 725 819 834 1003 748 983 1047 787 985 1037 694 826 808